%YAML:1.0
---
R: !!opencv-matrix
   rows: 3
   cols: 3
   dt: d
   data: [ 9.8819010612840019e-01, 1.9626981713942813e-03,
       1.5322030533134012e-01, -1.9390746317904167e-03,
       9.9999807390181417e-01, -3.0361527321351857e-04,
       -1.5322060611912952e-01, 2.9240019158864366e-06,
       9.8819200859546363e-01 ]
T: !!opencv-matrix
   rows: 3
   cols: 1
   dt: d
   data: [ -1.2073648016755497e+02, 3.9106899625277569e-01,
       5.8471540938510751e+00 ]
R1: !!opencv-matrix
   rows: 3
   cols: 3
   dt: d
   data: [ 9.9444601538151567e-01, -1.2749655517958292e-03,
       1.0524018697564254e-01, 1.2724537578233444e-03,
       9.9999918628894502e-01, 9.1010339233061602e-05,
       -1.0524021737558634e-01, 4.3408402182350386e-05,
       9.9444682852450694e-01 ]
R2: !!opencv-matrix
   rows: 3
   cols: 3
   dt: d
   data: [ 9.9882414468780278e-01, -3.2352206653200044e-03,
       -4.8372113205088413e-02, 3.2340674202776128e-03,
       9.9999476517739561e-01, -1.0210644656598942e-04,
       4.8372190322542787e-02, -5.4452291208170980e-05,
       9.9882937894234369e-01 ]
P1: !!opencv-matrix
   rows: 3
   cols: 4
   dt: d
   data: [ 3.2161697399715986e+03, 0., 2.7569344329833984e+02, 0., 0.,
       3.2161697399715986e+03, 5.1155989074707031e+02, 0., 0., 0., 1.,
       0. ]
P2: !!opencv-matrix
   rows: 3
   cols: 4
   dt: d
   data: [ 3.2161697399715986e+03, 0., 8.0592443084716797e+02,
       -3.8876614676444675e+05, 0., 3.2161697399715986e+03,
       5.1155989074707031e+02, 0., 0., 0., 1., 0. ]
Q: !!opencv-matrix
   rows: 4
   cols: 4
   dt: d
   data: [ 1., 0., 0., -2.7569344329833984e+02, 0., 1., 0.,
       -5.1155989074707031e+02, 0., 0., 0., 3.2161697399715986e+03, 0.,
       0., 8.2727618305723383e-03, 4.3864746751806223e+00 ]
