%YAML:1.0
---
R: !!opencv-matrix
   rows: 3
   cols: 3
   dt: d
   data: [ 9.8818972200356914e-01, 1.9761239368427646e-03,
       1.5322261014842142e-01, -1.9561998581409607e-03,
       9.9999804721744234e-01, -2.8079069962975132e-04,
       -1.5322286581520367e-01, -2.2259564828017235e-05,
       9.8819165797728126e-01 ]
T: !!opencv-matrix
   rows: 3
   cols: 1
   dt: d
   data: [ -1.2083028184730955e+02, 4.0494694607781001e-01,
       5.8358713316297273e+00 ]
R1: !!opencv-matrix
   rows: 3
   cols: 3
   dt: d
   data: [ 9.9443188847945596e-01, -1.3725564783857204e-03,
       1.0537236480166975e-01, 1.3683282310701702e-03,
       9.9999905751935714e-01, 1.1241996815049193e-04,
       -1.0537241979301123e-01, 3.2389980302055573e-05,
       9.9443282935442900e-01 ]
R2: !!opencv-matrix
   rows: 3
   cols: 3
   dt: d
   data: [ 9.9883008785870986e-01, -3.3474488972900199e-03,
       -4.8241581379987457e-02, 3.3455152496078820e-03,
       9.9999439644866706e-01, -1.2082624207283815e-04,
       4.8241715515480621e-02, -4.0708060186696885e-05,
       9.9883568980437298e-01 ]
P1: !!opencv-matrix
   rows: 3
   cols: 4
   dt: d
   data: [ 3.2206883476907428e+03, 0., 2.7504241180419922e+02, 0., 0.,
       3.2206883476907428e+03, 5.1154397583007812e+02, 0., 0., 0., 1.,
       0. ]
P2: !!opencv-matrix
   rows: 3
   cols: 4
   dt: d
   data: [ 3.2206883476907428e+03, 0., 8.0553745269775391e+02,
       -3.8961249317998777e+05, 0., 3.2206883476907428e+03,
       5.1154397583007812e+02, 0., 0., 0., 1., 0. ]
Q: !!opencv-matrix
   rows: 4
   cols: 4
   dt: d
   data: [ 1., 0., 0., -2.7504241180419922e+02, 0., 1., 0.,
       -5.1154397583007812e+02, 0., 0., 0., 3.2206883476907428e+03, 0.,
       0., 8.2663887941675784e-03, 4.3852782614039514e+00 ]
