%YAML:1.0
---
M1: !!opencv-matrix
   rows: 3
   cols: 3
   dt: d
   data: [ 3.3118401419362017e+03, 0., 6.3950433459481462e+02, 0.,
       3.3128645351553109e+03, 5.1130494885478862e+02, 0., 0., 1. ]
D1: !!opencv-matrix
   rows: 1
   cols: 14
   dt: d
   data: [ -4.6482458538739752e-02, 6.9140837909570363e-01, 0., 0., 0.,
       0., 0., -2.1736679049934660e+00, 0., 0., 0., 0., 0., 0. ]
M2: !!opencv-matrix
   rows: 3
   cols: 3
   dt: d
   data: [ 3.3118401419362017e+03, 0., 6.3947475317575334e+02, 0.,
       3.3128645351553109e+03, 5.1177638784700929e+02, 0., 0., 1. ]
D2: !!opencv-matrix
   rows: 1
   cols: 14
   dt: d
   data: [ -1.0024598837666694e-02, 5.9983756396775734e-01, 0., 0., 0.,
       0., 0., 1.2983006969840870e+01, 0., 0., 0., 0., 0., 0. ]
