%YAML:1.0
---
M1: !!opencv-matrix
   rows: 3
   cols: 3
   dt: d
   data: [ 3.3142184270201769e+03, 0., 6.3952068171508904e+02, 0.,
       3.3151260636530628e+03, 5.1134929034336244e+02, 0., 0., 1. ]
D1: !!opencv-matrix
   rows: 1
   cols: 14
   dt: d
   data: [ -4.5577740911651531e-02, 6.6403554324155689e-01, 0., 0., 0.,
       0., 0., -6.5721118241638372e+00, 0., 0., 0., 0., 0., 0. ]
M2: !!opencv-matrix
   rows: 3
   cols: 3
   dt: d
   data: [ 3.3142184270201769e+03, 0., 6.3943311107071065e+02, 0.,
       3.3151260636530628e+03, 5.1170988772632256e+02, 0., 0., 1. ]
D2: !!opencv-matrix
   rows: 1
   cols: 14
   dt: d
   data: [ -6.1427583885123723e-03, 4.2172789028342844e-01, 0., 0., 0.,
       0., 0., 1.1307097796370968e+01, 0., 0., 0., 0., 0., 0. ]
